Width:3000 Height:3000 Lens:1 Hfov:200
Width:3000 Height:3000 Lens:1 Hfov:200
C_0:0 C_1:0 C_2:0 A_th:3.14159 A_ph:0 H_0:788.031 H_1:0 H_2:-1499.85 V_0:-2.11822 V_1:-788.803 V_2:-1487.5 O_th:3.14627 O_ph:86048 rho_0:-0.00390038 rho_1:-0.000557665 rho_2:-5.139e-06 L:0.228191 LAMBDA:0.0520713
C_0:1.30636 C_1:18.8857 C_2:21.7149 A_th:0.0355445 A_ph:0.283345 H_0:-740.932 H_1:15.055 H_2:1523.59 V_0:53.7265 V_1:-777.306 V_2:1492.57 O_th:0.0310744 O_ph:0.0659139 rho_0:-0.00386641 rho_1:-0.000555057 rho_2:-4.99061e-06 L:0.24531 LAMBDA:0.0601772
